Altitude (m) |   Temp (K) |  Temp (°C) |  Pression (Pa) |  Masse Vol (kg/m³)
----------------------------------------------------------------------------
           0 |     288.15 |      15.00 |      101306.34 |             1.2250
        1000 |     281.65 |       8.50 |       89852.34 |             1.1116
        2000 |     275.15 |       2.00 |       79470.42 |             1.0064
        3000 |     268.65 |      -4.50 |       70082.04 |             0.9089
        4000 |     262.15 |     -11.00 |       61612.75 |             0.8189
        5000 |     255.65 |     -17.50 |       53992.08 |             0.7359
        6000 |     249.15 |     -24.00 |       47153.35 |             0.6594
        7000 |     242.65 |     -30.50 |       41033.66 |             0.5892
        8000 |     236.15 |     -37.00 |       35573.65 |             0.5249
        9000 |     229.65 |     -43.50 |       30717.50 |             0.4661
       10000 |     223.15 |     -50.00 |       26412.70 |             0.4124
       11000 |     216.65 |     -56.50 |       22610.04 |             0.3636
       12000 |     216.65 |     -56.50 |       19309.99 |             0.3106
       13000 |     216.65 |     -56.50 |       16491.60 |             0.2652
       14000 |     216.65 |     -56.50 |       14084.57 |             0.2265
       15000 |     216.65 |     -56.50 |       12028.85 |             0.1935
       16000 |     216.65 |     -56.50 |       10273.18 |             0.1652
       17000 |     216.65 |     -56.50 |        8773.76 |             0.1411
       18000 |     216.65 |     -56.50 |        7493.19 |             0.1205
       19000 |     216.65 |     -56.50 |        6399.52 |             0.1029
       20000 |     216.65 |     -56.50 |        5465.48 |             0.0879